1.176394000000000000e+06 6.939330000000000000e+05
1.908890000000000000e+05 1.110250000000000000e+05
1.104294000000000000e+06 8.935240000000000000e+05
5.728980000000000000e+05 4.699530000000000000e+05
5.509826000000000000e+06 6.745485000000000000e+06
1.101255000000000000e+06 1.001732000000000000e+06
6.938260000000000000e+05 8.574880000000000000e+05
1.716600000000000000e+05 2.001520000000000000e+05
2.125600000000000000e+04 2.029700000000000000e+05
3.964522000000000000e+06 3.583544000000000000e+06
1.914254000000000000e+06 1.366149000000000000e+06
1.941910000000000000e+05 2.317080000000000000e+05
4.092350000000000000e+05 1.810980000000000000e+05
2.345946000000000000e+06 2.891550000000000000e+06
1.479438000000000000e+06 9.690110000000000000e+05
7.519570000000000000e+05 7.418980000000000000e+05
7.364560000000000000e+05 4.349930000000000000e+05
1.069439000000000000e+06 7.127330000000000000e+05
1.102169000000000000e+06 8.202990000000000000e+05
3.302010000000000000e+05 3.968420000000000000e+05
1.024703000000000000e+06 1.334493000000000000e+06
1.071109000000000000e+06 1.803800000000000000e+06
2.313746000000000000e+06 2.479183000000000000e+06
1.346695000000000000e+06 1.445014000000000000e+06
6.849810000000000000e+05 4.580940000000000000e+05
1.455713000000000000e+06 1.259171000000000000e+06
2.660630000000000000e+05 1.737100000000000000e+05
5.128140000000000000e+05 2.543280000000000000e+05
4.186900000000000000e+05 3.971900000000000000e+05
3.312370000000000000e+05 3.405110000000000000e+05
1.670003000000000000e+06 1.911430000000000000e+06
3.769300000000000000e+05 3.709420000000000000e+05
2.962567000000000000e+06 4.314280000000000000e+06
1.961166000000000000e+06 1.525849000000000000e+06
1.966510000000000000e+05 1.110520000000000000e+05
2.859768000000000000e+06 2.741167000000000000e+06
9.597920000000000000e+05 5.039660000000000000e+05
8.668310000000000000e+05 9.431630000000000000e+05
2.793847000000000000e+06 2.938095000000000000e+06
1.690460000000000000e+05 2.597650000000000000e+05
9.379740000000000000e+05 6.616990000000000000e+05
2.325840000000000000e+05 1.492440000000000000e+05
1.384375000000000000e+06 1.036477000000000000e+06
4.526917000000000000e+06 2.832704000000000000e+06
6.637420000000000000e+05 2.411990000000000000e+05
1.211800000000000000e+05 1.840670000000000000e+05
1.716959000000000000e+06 1.454742000000000000e+06
1.304894000000000000e+06 1.510201000000000000e+06
4.237780000000000000e+05 3.265410000000000000e+05
1.478120000000000000e+06 1.489504000000000000e+06
1.676290000000000000e+05 7.077600000000000000e+04
