1.266546000000000000e+06 8.134790000000000000e+05
1.938410000000000000e+05 1.235940000000000000e+05
1.230111000000000000e+06 1.034707000000000000e+06
6.380170000000000000e+05 4.223100000000000000e+05
5.011781000000000000e+06 8.274473000000000000e+06
1.073629000000000000e+06 1.288633000000000000e+06
6.294280000000000000e+05 9.977720000000000000e+05
1.523740000000000000e+05 2.554590000000000000e+05
1.736700000000000000e+04 2.458000000000000000e+05
4.045624000000000000e+06 4.282074000000000000e+06
2.048759000000000000e+06 1.844123000000000000e+06
1.205660000000000000e+05 3.258710000000000000e+05
4.030120000000000000e+05 2.364400000000000000e+05
2.031179000000000000e+06 3.419348000000000000e+06
1.345648000000000000e+06 1.374039000000000000e+06
6.823790000000000000e+05 8.289400000000000000e+05
6.996550000000000000e+05 5.147650000000000000e+05
1.048462000000000000e+06 7.519850000000000000e+05
1.148275000000000000e+06 7.829890000000000000e+05
2.952730000000000000e+05 4.219230000000000000e+05
9.598620000000000000e+05 1.629467000000000000e+06
1.108854000000000000e+06 1.904097000000000000e+06
2.048639000000000000e+06 2.872579000000000000e+06
1.275409000000000000e+06 1.573354000000000000e+06
7.245970000000000000e+05 5.546620000000000000e+05
1.445814000000000000e+06 1.441911000000000000e+06
2.427630000000000000e+05 2.316670000000000000e+05
4.529790000000000000e+05 3.333190000000000000e+05
4.128270000000000000e+05 5.337360000000000000e+05
3.165340000000000000e+05 3.848260000000000000e+05
1.613207000000000000e+06 2.215422000000000000e+06
3.468320000000000000e+05 4.724220000000000000e+05
2.752771000000000000e+06 4.804945000000000000e+06
2.128474000000000000e+06 2.142651000000000000e+06
1.686010000000000000e+05 1.412780000000000000e+05
2.677820000000000000e+06 2.940044000000000000e+06
9.601650000000000000e+05 5.024960000000000000e+05
7.384750000000000000e+05 1.037291000000000000e+06
2.655885000000000000e+06 3.276363000000000000e+06
1.653910000000000000e+05 2.965710000000000000e+05
1.034896000000000000e+06 8.624490000000000000e+05
2.030540000000000000e+05 1.709240000000000000e+05
1.479178000000000000e+06 1.087437000000000000e+06
4.479328000000000000e+06 3.528633000000000000e+06
5.960300000000000000e+05 3.276700000000000000e+05
9.897400000000000000e+04 2.192620000000000000e+05
1.725005000000000000e+06 1.959532000000000000e+06
1.229216000000000000e+06 1.750848000000000000e+06
3.974660000000000000e+05 3.038570000000000000e+05
1.262393000000000000e+06 1.677211000000000000e+06
1.649580000000000000e+05 8.286800000000000000e+04
