1.255925000000000000e+06 7.956960000000000000e+05
1.646760000000000000e+05 1.226400000000000000e+05
1.233654000000000000e+06 1.025232000000000000e+06
6.477440000000000000e+05 3.944090000000000000e+05
4.839958000000000000e+06 7.854285000000000000e+06
1.185243000000000000e+06 1.323102000000000000e+06
6.348920000000000000e+05 9.050830000000000000e+05
1.654840000000000000e+05 2.425840000000000000e+05
2.138100000000000000e+04 2.670700000000000000e+05
4.163447000000000000e+06 4.237756000000000000e+06
2.078688000000000000e+06 1.773827000000000000e+06
1.210150000000000000e+05 3.066580000000000000e+05
4.209110000000000000e+05 2.127870000000000000e+05
2.135216000000000000e+06 3.019512000000000000e+06
1.420543000000000000e+06 1.152887000000000000e+06
7.306170000000000000e+05 8.225440000000000000e+05
6.926340000000000000e+05 4.407260000000000000e+05
1.087190000000000000e+06 6.793700000000000000e+05
1.152262000000000000e+06 8.091410000000000000e+05
2.922760000000000000e+05 4.013060000000000000e+05
9.718690000000000000e+05 1.677844000000000000e+06
1.188314000000000000e+06 1.921290000000000000e+06
2.115256000000000000e+06 2.564569000000000000e+06
1.320225000000000000e+06 1.546167000000000000e+06
7.107460000000000000e+05 5.629490000000000000e+05
1.482440000000000000e+06 1.223796000000000000e+06
2.679280000000000000e+05 2.018390000000000000e+05
4.750640000000000000e+05 3.020810000000000000e+05
4.635670000000000000e+05 5.313730000000000000e+05
3.299180000000000000e+05 3.695610000000000000e+05
1.477568000000000000e+06 2.125101000000000000e+06
3.357880000000000000e+05 4.153350000000000000e+05
2.490431000000000000e+06 4.485741000000000000e+06
2.270395000000000000e+06 2.178391000000000000e+06
1.881630000000000000e+05 1.248270000000000000e+05
2.661437000000000000e+06 2.827709000000000000e+06
8.913250000000000000e+05 4.435470000000000000e+05
7.541750000000000000e+05 9.704880000000000000e+05
2.680434000000000000e+06 2.990274000000000000e+06
1.572040000000000000e+05 2.796770000000000000e+05
1.071645000000000000e+06 8.659410000000000000e+05
2.106100000000000000e+05 1.450390000000000000e+05
1.462330000000000000e+06 9.607090000000000000e+05
4.569843000000000000e+06 3.308124000000000000e+06
7.406000000000000000e+05 2.518130000000000000e+05
9.269800000000000000e+04 1.992390000000000000e+05
1.822522000000000000e+06 1.971820000000000000e+06
1.290670000000000000e+06 1.755396000000000000e+06
4.176550000000000000e+05 2.382690000000000000e+05
1.407966000000000000e+06 1.620985000000000000e+06
1.709620000000000000e+05 6.928600000000000000e+04
