1.318255000000000000e+06 7.295470000000000000e+05
1.633870000000000000e+05 1.164540000000000000e+05
1.252401000000000000e+06 1.161167000000000000e+06
6.848720000000000000e+05 3.804940000000000000e+05
4.483814000000000000e+06 8.753792000000000000e+06
1.202484000000000000e+06 1.338870000000000000e+06
6.732150000000000000e+05 8.975720000000000000e+05
1.851270000000000000e+05 2.356030000000000000e+05
1.272300000000000000e+04 2.828300000000000000e+05
4.617886000000000000e+06 4.504975000000000000e+06
2.089104000000000000e+06 1.877963000000000000e+06
1.288470000000000000e+05 2.668910000000000000e+05
4.090550000000000000e+05 1.897650000000000000e+05
2.146015000000000000e+06 3.090729000000000000e+06
1.557286000000000000e+06 1.033126000000000000e+06
8.009830000000000000e+05 6.536690000000000000e+05
6.710180000000000000e+05 4.270050000000000000e+05
1.202971000000000000e+06 6.288540000000000000e+05
1.178638000000000000e+06 7.801540000000000000e+05
3.355930000000000000e+05 3.577350000000000000e+05
9.431690000000000000e+05 1.677928000000000000e+06
1.090893000000000000e+06 1.995196000000000000e+06
2.279543000000000000e+06 2.268839000000000000e+06
1.322951000000000000e+06 1.367716000000000000e+06
7.007140000000000000e+05 4.851310000000000000e+05
1.594511000000000000e+06 1.071068000000000000e+06
2.792400000000000000e+05 1.777090000000000000e+05
4.959610000000000000e+05 2.844940000000000000e+05
5.120580000000000000e+05 5.392600000000000000e+05
3.457900000000000000e+05 3.485260000000000000e+05
1.601933000000000000e+06 2.148278000000000000e+06
3.196670000000000000e+05 3.852340000000000000e+05
2.819533000000000000e+06 4.556118000000000000e+06
2.362631000000000000e+06 2.189316000000000000e+06
2.167940000000000000e+05 9.375800000000000000e+04
2.841005000000000000e+06 2.394164000000000000e+06
9.491360000000000000e+05 4.203750000000000000e+05
7.824030000000000000e+05 1.002106000000000000e+06
2.970733000000000000e+06 2.926441000000000000e+06
1.805430000000000000e+05 2.525250000000000000e+05
1.155389000000000000e+06 8.553730000000000000e+05
2.277210000000000000e+05 1.174580000000000000e+05
1.522925000000000000e+06 8.706950000000000000e+05
4.685047000000000000e+06 3.877868000000000000e+06
5.152310000000000000e+05 3.106760000000000000e+05
9.536900000000000000e+04 1.785730000000000000e+05
1.769443000000000000e+06 1.981473000000000000e+06
1.221747000000000000e+06 1.742718000000000000e+06
4.893710000000000000e+05 1.887940000000000000e+05
1.405284000000000000e+06 1.382536000000000000e+06
1.744190000000000000e+05 5.597300000000000000e+04
