1.441170000000000000e+06 8.496240000000000000e+05
1.899510000000000000e+05 1.537780000000000000e+05
1.661686000000000000e+06 1.672143000000000000e+06
7.606470000000000000e+05 4.239320000000000000e+05
6.006429000000000000e+06 1.111025000000000000e+07
1.364607000000000000e+06 1.804352000000000000e+06
7.152910000000000000e+05 1.080680000000000000e+06
2.006030000000000000e+05 2.962680000000000000e+05
1.858600000000000000e+04 3.173230000000000000e+05
5.668731000000000000e+06 5.297045000000000000e+06
2.461854000000000000e+06 2.473633000000000000e+06
1.968640000000000000e+05 3.661300000000000000e+05
5.541190000000000000e+05 2.870210000000000000e+05
2.446891000000000000e+06 3.471915000000000000e+06
1.729516000000000000e+06 1.242413000000000000e+06
8.976720000000000000e+05 7.590610000000000000e+05
7.714060000000000000e+05 5.703230000000000000e+05
1.326646000000000000e+06 7.724740000000000000e+05
1.255776000000000000e+06 8.560340000000000000e+05
3.607370000000000000e+05 4.350720000000000000e+05
9.764140000000000000e+05 1.985023000000000000e+06
1.167202000000000000e+06 2.382202000000000000e+06
2.649852000000000000e+06 2.804040000000000000e+06
1.484048000000000000e+06 1.717049000000000000e+06
7.567890000000000000e+05 5.395080000000000000e+05
1.718736000000000000e+06 1.253014000000000000e+06
3.436020000000000000e+05 2.447860000000000000e+05
5.568460000000000000e+05 3.745830000000000000e+05
6.698900000000000000e+05 7.034860000000000000e+05
3.656540000000000000e+05 4.249210000000000000e+05
1.883274000000000000e+06 2.608335000000000000e+06
4.018940000000000000e+05 5.016140000000000000e+05
3.250075000000000000e+06 5.241957000000000000e+06
2.758775000000000000e+06 2.684292000000000000e+06
2.355950000000000000e+05 1.149020000000000000e+05
3.154834000000000000e+06 2.679165000000000000e+06
1.020280000000000000e+06 5.038900000000000000e+05
9.584480000000000000e+05 1.340383000000000000e+06
3.378263000000000000e+06 3.459923000000000000e+06
1.999220000000000000e+05 3.074860000000000000e+05
1.385103000000000000e+06 1.091541000000000000e+06
2.610430000000000000e+05 1.504710000000000000e+05
1.852475000000000000e+06 1.143711000000000000e+06
5.890347000000000000e+06 5.259126000000000000e+06
8.651400000000000000e+05 5.602820000000000000e+05
1.127040000000000000e+05 2.428200000000000000e+05
1.962430000000000000e+06 2.413568000000000000e+06
1.584651000000000000e+06 2.369612000000000000e+06
5.453820000000000000e+05 2.359840000000000000e+05
1.610184000000000000e+06 1.630866000000000000e+06
1.935590000000000000e+05 7.349100000000000000e+04
